"csg" :
[
  [
  {
    "type"  : "cube"
    "mode"  : "sub"
    "rgb"   : "209 152 38"
    "r"     : "1 0 0 0 1 0 0 0 1"
    "t"     : "0 32.4496 340.66"
    "s"     : "75 75 11.9453"
  }
  {
    "type"  : "cube"
    "mode"  : "add"
    "rgb"   : "201 143 80"
    "hole%" : "0.52"
    "r"     : "1 0 0 0 1 0 0 0 1"
    "t"     : "0 0 338.752"
    "s"     : "150 150 11.2232"
  }
  {
    "type"  : "cube"
    "mode"  : "add"
    "rgb"   : "55 60 56"
    "hole%" : "0.96"
    "r"     : "1 0 0 0 1 0 0 0 1"
    "t"     : "0 0 352.13"
    "s"     : "150 150 2.98248"
  }
  {
    "type"  : "cube"
    "mode"  : "rep"
    "rgb"   : "125 108 70"
    "hole%" : "0.91"
    "r"     : "1 0 0 0 1 0 0 0 1"
    "t"     : "-70.7368 76.9627 340.169"
    "s"     : "55.568 60.4006 14.9439"
  }
  {
    "type"  : "cube"
    "mode"  : "rep"
    "rgb"   : "125 108 70"
    "hole%" : "0.91"
    "r"     : "1 0 0 0 1 0 0 0 1"
    "t"     : "72.0107 76.9627 340.169"
    "s"     : "55.568 60.4006 14.9439"
  }
  {
    "type"  : "cube"
    "mode"  : "rep"
    "rgb"   : "125 108 70"
    "hole%" : "0.91"
    "r"     : "1 0 0 0 1 0 0 0 1"
    "t"     : "72.0107 -65.8323 340.169"
    "s"     : "55.568 60.4006 14.9439"
  }
  {
    "type"  : "cube"
    "mode"  : "rep"
    "rgb"   : "125 108 70"
    "hole%" : "0.91"
    "r"     : "1 0 0 0 1 0 0 0 1"
    "t"     : "-70.9906 -65.8323 340.169"
    "s"     : "55.568 60.4006 14.9439"
  }
  ]
  [
  {
    "type"  : "cylinder"
    "mode"  : "sub"
    "rgb"   : "60 47 65"
    "cone%" : "0.28"
    "r"     : "1 -0 0 0 1.31134e-07 -1 0 1 1.31134e-07"
    "t"     : "47.4074 -66.0232 513.422"
    "s"     : "33.5751 33.5751 8.79967"
    "mx"    : "1"
  }
  {
    "type"  : "cylinder"
    "mode"  : "add"
    "rgb"   : "132 125 119"
    "blend" : "15"
    "r"     : "1 0 0 0 -4.37114e-08 1 0 -1 -4.37114e-08"
    "t"     : "57.3417 52.1723 508.8"
    "s"     : "34.5587 34.5587 56.7831"
    "mx"    : "1"
  }
  {
    "type"  : "cylinder"
    "mode"  : "sub"
    "rgb"   : "132 125 119"
    "r"     : "1 0 0 0 -4.37114e-08 1 0 -1 -4.37114e-08"
    "t"     : "57.3417 -41.0594 511.995"
    "s"     : "50 50 9.60779"
    "mx"    : "1"
  }
  {
    "type"  : "cylinder"
    "mode"  : "add"
    "rgb"   : "158 139 133"
    "half"  : "2"
    "r"     : "1 0 0 0 -4.37114e-08 1 0 -1 -4.37114e-08"
    "t"     : "57.3417 98.4951 507.447"
    "s"     : "36.7256 36.7256 13.9819"
    "mx"    : "1"
  }
  {
    "type"  : "cylinder"
    "mode"  : "add"
    "rgb"   : "131 122 115"
    "half"  : "2"
    "r"     : "1 0 0 0 -4.37114e-08 1 0 -1 -4.37114e-08"
    "t"     : "57.3417 68.6274 504.665"
    "s"     : "32.5904 32.5904 44.8661"
    "mx"    : "1"
  }
  {
    "type"  : "cylinder"
    "mode"  : "add"
    "rgb"   : "100 106 88"
    "r"     : "1 0 0 0 -4.37114e-08 1 0 -1 -4.37114e-08"
    "t"     : "0 22.9381 489.322"
    "s"     : "25.0575 25.0575 42.6871"
    "mx"    : "1"
  }
  {
    "type"  : "cylinder"
    "mode"  : "sub"
    "rgb"   : "100 106 88"
    "r"     : "1 0 0 0 -4.37114e-08 1 0 -1 -4.37114e-08"
    "t"     : "0 62.3788 520.423"
    "s"     : "17.5542 17.5542 44.6398"
    "mx"    : "1"
  }
  {
    "type"  : "cylinder"
    "mode"  : "add"
    "rgb"   : "142 98 17"
    "r"     : "1 0 0 0 -0.981627 0.190809 0 -0.190809 -0.981627"
    "t"     : "0 1.71311 454.002"
    "s"     : "15 15 17.7295"
    "mx"    : "1"
  }
  {
    "type"  : "cylinder"
    "mode"  : "add"
    "rgb"   : "165 108 52"
    "blend" : "9"
    "r"     : "-4.37114e-08 0.981627 -0.190809 0 0.190809 0.981627 1 4.29083e-08 -8.34053e-09"
    "t"     : "4.65821e-08 -3.93047 430.553"
    "s"     : "13.8781 13.8781 8.12509"
    "mx"    : "1"
  }
  {
    "type"  : "cylinder"
    "mode"  : "add"
    "rgb"   : "165 108 52"
    "blend" : "3"
    "r"     : "-4.37114e-08 -0.224951 0.97437 1.49012e-08 -0.97437 -0.224951 1 4.68636e-09 4.59431e-08"
    "t"     : "0 0.46268 418.314"
    "s"     : "15 15 15.115"
    "mx"    : "1"
  }
  {
    "type"  : "cylinder"
    "mode"  : "add"
    "rgb"   : "132 125 119"
    "r"     : "-4.37114e-08 -0.224951 0.97437 1.49012e-08 -0.97437 -0.224951 1 4.68636e-09 4.59431e-08"
    "t"     : "5.51099 -6.85366 422.1"
    "s"     : "3.38842 3.38842 12.8033"
    "mx"    : "1"
  }
  {
    "type"  : "cylinder"
    "mode"  : "add"
    "rgb"   : "132 125 119"
    "r"     : "-4.37114e-08 -0.224951 0.97437 1.49012e-08 -0.97437 -0.224951 1 4.68636e-09 4.59431e-08"
    "t"     : "5.51099 5.14589 424.87"
    "s"     : "3.38842 3.38842 12.8033"
    "mx"    : "1"
  }
  {
    "type"  : "cylinder"
    "mode"  : "add"
    "rgb"   : "132 125 119"
    "r"     : "-4.37114e-08 -0.224951 0.97437 1.49012e-08 -0.97437 -0.224951 1 4.68636e-09 4.59431e-08"
    "t"     : "5.51099 1.64556 413.01"
    "s"     : "3.38842 3.38842 12.8033"
    "mx"    : "1"
  }
  {
    "type"  : "cylinder"
    "mode"  : "add"
    "rgb"   : "74 49 33"
    "blend" : "9"
    "r"     : "-3.62384e-08 0.920505 0.390731 2.44431e-08 -0.390731 0.920505 1 4.29083e-08 -8.34053e-09"
    "t"     : "-3.7526e-07 1.16141 406.171"
    "s"     : "13.8781 13.8781 8.12509"
    "mx"    : "1"
  }
  {
    "type"  : "cylinder"
    "mode"  : "add"
    "rgb"   : "145 152 159"
    "r"     : "1 -5.91646e-31 6.66134e-16 0 1 8.88178e-16 -6.66134e-16 -8.88178e-16 1"
    "t"     : "-3.7526e-07 1.16141 392.63"
    "s"     : "13.8781 13.8781 8.12509"
    "mx"    : "1"
  }
  {
    "type"  : "joint"
    "mode"  : "add"
    "rgb"   : "165 108 52"
    "r"     : "1 -5.02926e-22 6.66134e-16 -2.49538e-16 0.927184 0.374607 -6.17629e-16 -0.374607 0.927184"
    "t"     : "-3.7526e-07 16.1932 353.273"
    "s"     : "18.4594 18.4594 23.2254"
    "mx"    : "1"
  }
  {
    "type"  : "cylinder"
    "mode"  : "add"
    "rgb"   : "58 50 38"
    "r"     : "-4.37114e-08 -8.74228e-08 1 0 -1 -8.74228e-08 1 -3.82137e-15 4.37114e-08"
    "t"     : "16.5433 21.0816 344.828"
    "s"     : "18.4594 18.4594 5.52127"
    "mx"    : "1"
  }
  {
    "type"  : "cylinder"
    "mode"  : "add"
    "rgb"   : "226 148 59"
    "r"     : "-4.37114e-08 -8.74228e-08 1 0 -1 -8.74228e-08 1 -3.82137e-15 4.37114e-08"
    "t"     : "17.8843 21.0816 344.828"
    "s"     : "12.6869 12.6869 5.52127"
    "mx"    : "1"
  }
  {
    "type"  : "cylinder"
    "mode"  : "sub"
    "rgb"   : "60 47 65"
    "cone%" : "0.28"
    "r"     : "1 -0 0 0 1.31134e-07 -1 0 1 1.31134e-07"
    "t"     : "47.4074 -66.0232 513.422"
    "s"     : "33.5751 33.5751 8.79967"
    "mx"    : "1"
  }
  {
    "type"  : "cylinder"
    "mode"  : "add"
    "rgb"   : "132 125 119"
    "blend" : "15"
    "r"     : "1 0 0 0 -4.37114e-08 1 0 -1 -4.37114e-08"
    "t"     : "57.3417 52.1723 508.8"
    "s"     : "34.5587 34.5587 56.7831"
    "mx"    : "1"
  }
  {
    "type"  : "cylinder"
    "mode"  : "add"
    "rgb"   : "158 139 133"
    "half"  : "2"
    "r"     : "1 0 0 0 -4.37114e-08 1 0 -1 -4.37114e-08"
    "t"     : "57.3417 98.4951 507.447"
    "s"     : "36.7256 36.7256 13.9819"
    "mx"    : "1"
  }
  {
    "type"  : "cylinder"
    "mode"  : "add"
    "rgb"   : "131 122 115"
    "half"  : "2"
    "r"     : "1 0 0 0 -4.37114e-08 1 0 -1 -4.37114e-08"
    "t"     : "57.3417 68.6274 504.665"
    "s"     : "32.5904 32.5904 44.8661"
    "mx"    : "1"
  }
  {
    "type"  : "cylinder"
    "mode"  : "sub"
    "rgb"   : "100 106 88"
    "r"     : "1 0 0 0 -4.37114e-08 1 0 -1 -4.37114e-08"
    "t"     : "0 62.3788 520.423"
    "s"     : "17.5542 17.5542 44.6398"
    "mx"    : "1"
  }
  {
    "type"  : "cylinder"
    "mode"  : "add"
    "rgb"   : "142 98 17"
    "r"     : "1 0 0 0 -0.981627 0.190809 0 -0.190809 -0.981627"
    "t"     : "0 1.71311 454.002"
    "s"     : "15 15 17.7295"
    "mx"    : "1"
  }
  {
    "type"  : "cylinder"
    "mode"  : "sub"
    "rgb"   : "60 47 65"
    "cone%" : "0.28"
    "r"     : "1 -0 0 0 1.31134e-07 -1 0 1 1.31134e-07"
    "t"     : "205.331 -66.0232 513.422"
    "s"     : "33.5751 33.5751 8.79967"
    "mx"    : "1"
  }
  {
    "type"  : "cylinder"
    "mode"  : "sub"
    "rgb"   : "132 125 119"
    "r"     : "1 0 0 0 -4.37114e-08 1 0 -1 -4.37114e-08"
    "t"     : "215.265 -41.0594 511.995"
    "s"     : "50 50 9.60779"
    "mx"    : "1"
  }
  {
    "type"  : "cylinder"
    "mode"  : "sub"
    "rgb"   : "100 106 88"
    "r"     : "1 0 0 0 -4.37114e-08 1 0 -1 -4.37114e-08"
    "t"     : "157.923 62.3788 520.423"
    "s"     : "17.5542 17.5542 44.6398"
    "mx"    : "1"
  }
  {
    "type"  : "cylinder"
    "mode"  : "sub"
    "rgb"   : "60 47 65"
    "cone%" : "0.28"
    "r"     : "1 -0 0 0 1.31134e-07 -1 0 1 1.31134e-07"
    "t"     : "205.331 -66.0232 513.422"
    "s"     : "33.5751 33.5751 8.79967"
    "mx"    : "1"
  }
  ]
  [
  {
    "type"  : "cylinder"
    "mode"  : "add"
    "rgb"   : "79 79 72"
    "hole%" : "0.58"
    "round%": "1"
    "half"  : "1"
    "r"     : "0.0176025 -0.275057 0.961267 -0.000770948 0.961412 0.275113 -0.999845 -0.00558375 0.0167112"
    "t"     : "53.6781 19.6816 481.254"
    "s"     : "45.9884 45.9884 6.70987"
    "mx"    : "1"
  }
  ]
  [
  {
    "type"  : "cube"
    "mode"  : "add"
    "rgb"   : "145 152 159"
    "r"     : "1 0 0 0 1 0 0 0 1"
    "t"     : "0 5.15908 284.79"
    "s"     : "150 139.356 44.3661"
  }
  {
    "type"  : "cube"
    "mode"  : "add"
    "rgb"   : "120 125 123"
    "r"     : "1 0 0 0 1 0 0 0 1"
    "t"     : "0 -6.48643 284.79"
    "s"     : "61.2308 143.554 44.3661"
  }
  {
    "type"  : "cube"
    "mode"  : "add"
    "rgb"   : "201 143 80"
    "cone%" : "0.03"
    "r"     : "1 0 0 0 1 0 0 0 1"
    "t"     : "0 8.99618 154.355"
    "s"     : "151.772 145.855 87.2239"
  }
  {
    "type"  : "joint"
    "mode"  : "sub"
    "rgb"   : "123 80 53"
    "half"  : "4"
    "r"     : "1 0 0 0 1 0 0 0 1"
    "t"     : "0 -132.771 240.604"
    "s"     : "5 5 111.188"
  }
  {
    "type"  : "joint"
    "mode"  : "sub"
    "rgb"   : "123 80 53"
    "half"  : "4"
    "r"     : "1 0 0 0 1 0 0 0 1"
    "t"     : "75.1815 -132.771 240.604"
    "s"     : "5 5 111.188"
    "mx"    : "1"
  }
  {
    "type"  : "cube"
    "mode"  : "rep"
    "rgb"   : "11 16 19"
    "cone%" : "0.03"
    "half"  : "4"
    "r"     : "1 0 0 0 1 0 0 0 1"
    "t"     : "-12.3975 -132.771 107.135"
    "s"     : "3 5 28.2588"
  }
  {
    "type"  : "cube"
    "mode"  : "rep"
    "rgb"   : "11 16 19"
    "cone%" : "0.03"
    "half"  : "4"
    "r"     : "1 0 0 0 1 0 0 0 1"
    "t"     : "-0.00423241 -132.771 107.135"
    "s"     : "3 5 28.2588"
  }
  {
    "type"  : "cube"
    "mode"  : "rep"
    "rgb"   : "11 16 19"
    "cone%" : "0.03"
    "half"  : "4"
    "r"     : "1 0 0 0 1 0 0 0 1"
    "t"     : "13.3186 -132.771 107.135"
    "s"     : "3 5 28.2588"
  }
  {
    "type"  : "cube"
    "mode"  : "rep"
    "rgb"   : "11 16 19"
    "cone%" : "0.03"
    "half"  : "4"
    "r"     : "-4.37114e-08 0 -1 0 1 0 1 0 -4.37114e-08"
    "t"     : "15.5655 -132.771 81.2299"
    "s"     : "3 5 28.2588"
  }
  {
    "type"  : "cube"
    "mode"  : "rep"
    "rgb"   : "11 16 19"
    "cone%" : "0.03"
    "half"  : "4"
    "r"     : "-1 0 8.74228e-08 0 1 0 -8.74228e-08 0 -1"
    "t"     : "43.458 -132.771 77.843"
    "s"     : "3 5 28.2588"
  }
  {
    "type"  : "cube"
    "mode"  : "rep"
    "rgb"   : "11 16 19"
    "cone%" : "0.03"
    "half"  : "4"
    "r"     : "-1 0 8.74228e-08 0 1 0 -8.74228e-08 0 -1"
    "t"     : "25.4654 -132.771 77.843"
    "s"     : "3 5 28.2588"
  }
  {
    "type"  : "cube"
    "mode"  : "rep"
    "rgb"   : "11 16 19"
    "cone%" : "0.03"
    "half"  : "4"
    "r"     : "1.31134e-07 0 1 0 1 -0 -1 0 1.31134e-07"
    "t"     : "26.6441 -132.771 103.748"
    "s"     : "3 5 14.5576"
  }
  {
    "type"  : "cube"
    "mode"  : "rep"
    "rgb"   : "11 16 19"
    "cone%" : "0.03"
    "half"  : "4"
    "r"     : "1.31134e-07 0 1 0 1 -0 -1 0 1.31134e-07"
    "t"     : "26.6441 -132.771 91.0427"
    "s"     : "3 5 14.5576"
  }
  {
    "type"  : "cube"
    "mode"  : "rep"
    "rgb"   : "11 16 19"
    "cone%" : "0.03"
    "half"  : "4"
    "r"     : "1.31134e-07 0 1 0 1 -0 -1 0 1.31134e-07"
    "t"     : "50.6171 -132.771 81.4364"
    "s"     : "3 5 14.5576"
  }
  {
    "type"  : "cube"
    "mode"  : "rep"
    "rgb"   : "11 16 19"
    "cone%" : "0.03"
    "half"  : "4"
    "r"     : "-1 0 8.74228e-08 0 1 0 -8.74228e-08 0 -1"
    "t"     : "54.0429 -132.771 77.843"
    "s"     : "3 5 28.2588"
  }
  {
    "type"  : "cube"
    "mode"  : "rep"
    "rgb"   : "11 16 19"
    "cone%" : "0.03"
    "half"  : "4"
    "r"     : "1.31134e-07 0 1 0 1 -0 -1 0 1.31134e-07"
    "t"     : "70.5414 -132.771 81.4364"
    "s"     : "3 5 14.5576"
  }
  {
    "type"  : "cube"
    "mode"  : "rep"
    "rgb"   : "11 16 19"
    "cone%" : "0.03"
    "half"  : "4"
    "r"     : "-1 0 8.74228e-08 0 1 0 -8.74228e-08 0 -1"
    "t"     : "73.9672 -132.771 77.843"
    "s"     : "3 5 28.2588"
  }
  {
    "type"  : "cube"
    "mode"  : "rep"
    "rgb"   : "11 16 19"
    "cone%" : "0.03"
    "half"  : "4"
    "r"     : "1.31134e-07 0 1 0 1 -0 -1 0 1.31134e-07"
    "t"     : "87.0374 -132.771 93.5217"
    "s"     : "3 5 5.84183"
  }
  {
    "type"  : "sphere"
    "mode"  : "rep"
    "rgb"   : "181 30 10"
    "cone%" : "0.03"
    "r"     : "1.31134e-07 0 1 0 1 -0 -1 0 1.31134e-07"
    "t"     : "118.466 -136.104 93.5"
    "s"     : "15 5 15"
  }
  {
    "type"  : "cube"
    "mode"  : "rep"
    "rgb"   : "252 250 242"
    "cone%" : "0.03"
    "half"  : "4"
    "r"     : "-1 0 8.74228e-08 0 1 0 -8.74228e-08 0 -1"
    "t"     : "112.9 -132.771 84.3504"
    "s"     : "3 5 17.1031"
  }
  {
    "type"  : "cube"
    "mode"  : "rep"
    "rgb"   : "252 250 242"
    "cone%" : "0.03"
    "half"  : "4"
    "r"     : "-4.37114e-08 -8.74228e-08 -1 1.42109e-14 -1 8.74228e-08 -1 -1.03895e-14 4.37114e-08"
    "t"     : "110.671 -134.771 99.4094"
    "s"     : "1.7605 5 15.106"
  }
  {
    "type"  : "cube"
    "mode"  : "rep"
    "rgb"   : "252 250 242"
    "cone%" : "0.03"
    "half"  : "4"
    "r"     : "-4.37114e-08 -8.74228e-08 -1 1.42109e-14 -1 8.74228e-08 -1 -1.03895e-14 4.37114e-08"
    "t"     : "110.671 -134.771 92.9019"
    "s"     : "1.7605 5 15.106"
  }
  {
    "type"  : "cube"
    "mode"  : "rep"
    "rgb"   : "252 250 242"
    "cone%" : "0.03"
    "half"  : "4"
    "r"     : "-4.37114e-08 -8.74228e-08 -1 1.42109e-14 -1 8.74228e-08 -1 -1.03895e-14 4.37114e-08"
    "t"     : "110.671 -134.771 86.0846"
    "s"     : "1.7605 5 15.106"
  }
  {
    "type"  : "cube"
    "mode"  : "sub"
    "rgb"   : "120 125 123"
    "r"     : "1 0 0 0 1 0 0 0 1"
    "t"     : "-28.553 -150.802 284.79"
    "s"     : "29.7387 4.1767 36.999"
  }
  {
    "type"  : "cube"
    "mode"  : "rep"
    "rgb"   : "39 38 36"
    "r"     : "1 0 0 0 1 0 0 0 1"
    "t"     : "30.1635 -150.802 284.79"
    "s"     : "25.8607 4.1767 36.999"
  }
  {
    "type"  : "cube"
    "mode"  : "rep"
    "rgb"   : "190 194 63"
    "r"     : "1 0 0 0 1 0 0 0 1"
    "t"     : "40.5131 -145.997 273.678"
    "s"     : "12.3339 4.1767 19.7135"
  }
  {
    "type"  : "joint"
    "mode"  : "rep"
    "rgb"   : "190 194 63"
    "r"     : "1 0 0 0 1 0 0 0 1"
    "t"     : "15.863 -145.997 290.792"
    "s"     : "6.45989 2.18754 1"
  }
  {
    "type"  : "cube"
    "mode"  : "rep"
    "rgb"   : "190 194 63"
    "r"     : "1 0 0 0 1 0 0 0 1"
    "t"     : "31.1395 -151.022 308.798"
    "s"     : "20.8892 2.96245 2.35547"
  }
  {
    "type"  : "joint"
    "mode"  : "sub"
    "rgb"   : "120 125 123"
    "r"     : "-4.37114e-08 0 -1 0 1 0 1 0 -4.37114e-08"
    "t"     : "-46.5104 -146.168 312.939"
    "s"     : "2.72358 1 4.93991"
  }
  {
    "type"  : "joint"
    "mode"  : "sub"
    "rgb"   : "120 125 123"
    "r"     : "-4.37114e-08 0 -1 0 1 0 1 0 -4.37114e-08"
    "t"     : "-28.7483 -146.168 312.939"
    "s"     : "2.72358 1 4.93991"
  }
  {
    "type"  : "joint"
    "mode"  : "sub"
    "rgb"   : "120 125 123"
    "r"     : "-4.37114e-08 0 -1 0 1 0 1 0 -4.37114e-08"
    "t"     : "-11.3822 -146.168 312.939"
    "s"     : "2.72358 1 4.93991"
  }
  {
    "type"  : "joint"
    "mode"  : "sub"
    "rgb"   : "120 125 123"
    "r"     : "-4.37114e-08 0 -1 0 1 0 1 0 -4.37114e-08"
    "t"     : "-46.5104 -146.168 304.741"
    "s"     : "2.72358 1 4.93991"
  }
  {
    "type"  : "joint"
    "mode"  : "sub"
    "rgb"   : "120 125 123"
    "r"     : "-4.37114e-08 0 -1 0 1 0 1 0 -4.37114e-08"
    "t"     : "-28.7483 -146.168 304.741"
    "s"     : "2.72358 1 4.93991"
  }
  {
    "type"  : "joint"
    "mode"  : "sub"
    "rgb"   : "120 125 123"
    "r"     : "-4.37114e-08 0 -1 0 1 0 1 0 -4.37114e-08"
    "t"     : "-11.3822 -146.168 304.741"
    "s"     : "2.72358 1 4.93991"
  }
  {
    "type"  : "joint"
    "mode"  : "sub"
    "rgb"   : "120 125 123"
    "r"     : "-4.37114e-08 0 -1 0 1 0 1 0 -4.37114e-08"
    "t"     : "-46.5104 -146.168 296.772"
    "s"     : "2.72358 1 4.93991"
  }
  {
    "type"  : "joint"
    "mode"  : "sub"
    "rgb"   : "120 125 123"
    "r"     : "-4.37114e-08 0 -1 0 1 0 1 0 -4.37114e-08"
    "t"     : "-28.7483 -146.168 296.772"
    "s"     : "2.72358 1 4.93991"
  }
  {
    "type"  : "joint"
    "mode"  : "sub"
    "rgb"   : "120 125 123"
    "r"     : "-4.37114e-08 0 -1 0 1 0 1 0 -4.37114e-08"
    "t"     : "-11.3822 -146.168 296.772"
    "s"     : "2.72358 1 4.93991"
  }
  {
    "type"  : "joint"
    "mode"  : "sub"
    "rgb"   : "120 125 123"
    "r"     : "-4.37114e-08 0 -1 0 1 0 1 0 -4.37114e-08"
    "t"     : "-46.5104 -146.168 288.916"
    "s"     : "2.72358 1 4.93991"
  }
  {
    "type"  : "joint"
    "mode"  : "sub"
    "rgb"   : "120 125 123"
    "r"     : "-4.37114e-08 0 -1 0 1 0 1 0 -4.37114e-08"
    "t"     : "-28.7483 -146.168 288.916"
    "s"     : "2.72358 1 4.93991"
  }
  {
    "type"  : "joint"
    "mode"  : "sub"
    "rgb"   : "120 125 123"
    "r"     : "-4.37114e-08 0 -1 0 1 0 1 0 -4.37114e-08"
    "t"     : "-11.3822 -146.168 288.916"
    "s"     : "2.72358 1 4.93991"
  }
  {
    "type"  : "cube"
    "mode"  : "add"
    "rgb"   : "120 125 123"
    "r"     : "1 0 0 0 1 0 0 0 1"
    "t"     : "-44.177 -145.699 266.925"
    "s"     : "10.4594 4.1767 13.2867"
  }
  {
    "type"  : "cube"
    "mode"  : "add"
    "rgb"   : "181 30 10"
    "r"     : "1 0 0 0 1 0 0 0 1"
    "t"     : "-44.177 -145.699 266.925"
    "s"     : "6.88585 4.1767 10.0386"
  }
  {
    "type"  : "cube"
    "mode"  : "add"
    "rgb"   : "201 143 80"
    "r"     : "1 0 0 0 1 0 0 0 1"
    "t"     : "0 115.883 284.79"
    "s"     : "150 30.3737 44.3661"
  }
  {
    "type"  : "joint"
    "mode"  : "sub"
    "rgb"   : "101 103 101"
    "half"  : "4"
    "r"     : "1.31134e-07 8.74228e-08 -1 0 -1 -8.74228e-08 -1 1.14641e-14 -1.31134e-07"
    "t"     : "63.5307 -132.547 257.298"
    "s"     : "1.82065 1.82065 101.907"
    "mx"    : "1"
  }
  {
    "type"  : "joint"
    "mode"  : "sub"
    "rgb"   : "101 103 101"
    "half"  : "4"
    "r"     : "1.31134e-07 8.74228e-08 -1 0 -1 -8.74228e-08 -1 1.14641e-14 -1.31134e-07"
    "t"     : "63.5307 -132.547 309.892"
    "s"     : "1.82065 1.82065 101.907"
    "mx"    : "1"
  }
  {
    "type"  : "joint"
    "mode"  : "sub"
    "rgb"   : "101 103 101"
    "half"  : "4"
    "r"     : "3.0598e-07 8.74228e-08 -1 -1 4.37114e-08 -3.0598e-07 4.37114e-08 1 8.74228e-08"
    "t"     : "149.684 77.5816 257.298"
    "s"     : "1.82065 1.82065 218.883"
    "mx"    : "1"
  }
  {
    "type"  : "joint"
    "mode"  : "sub"
    "rgb"   : "101 103 101"
    "half"  : "4"
    "r"     : "3.0598e-07 8.74228e-08 -1 -1 3.91155e-08 -3.0598e-07 3.91155e-08 1 8.74228e-08"
    "t"     : "149.135 52.6351 309.715"
    "s"     : "1.82065 1.82065 184.734"
    "mx"    : "1"
  }
  {
    "type"  : "joint"
    "mode"  : "sub"
    "rgb"   : "165 108 52"
    "half"  : "4"
    "r"     : "3.0598e-07 8.74228e-08 -1 8.74228e-08 1 8.74228e-08 1 -8.74228e-08 3.0598e-07"
    "t"     : "153.728 146.045 274.098"
    "s"     : "1.82065 1.82065 283.255"
    "mx"    : "1"
  }
  {
    "type"  : "joint"
    "mode"  : "sub"
    "rgb"   : "165 108 52"
    "half"  : "4"
    "r"     : "3.0598e-07 8.74228e-08 -1 8.74228e-08 1 8.74228e-08 1 -8.74228e-08 3.0598e-07"
    "t"     : "153.728 146.045 309.715"
    "s"     : "1.82065 1.82065 283.255"
    "mx"    : "1"
  }
  {
    "type"  : "cube"
    "mode"  : "add"
    "rgb"   : "201 143 80"
    "cone%" : "1"
    "r"     : "1 0 0 0 1 0 0 0 1"
    "t"     : "148.358 8.99618 154.355"
    "s"     : "4.51175 145.855 87.2239"
    "mx"    : "1"
  }
  {
    "type"  : "cube"
    "mode"  : "sub"
    "rgb"   : "201 143 80"
    "cone%" : "0.03"
    "r"     : "1 0 0 0 1 0 0 0 1"
    "t"     : "0 89.455 154.355"
    "s"     : "144.835 68.9443 78.5652"
  }
  {
    "type"  : "cube"
    "mode"  : "sub"
    "rgb"   : "201 143 80"
    "cone%" : "0.03"
    "r"     : "1 0 0 0 1 0 0 0 1"
    "t"     : "0 89.455 231.544"
    "s"     : "144.835 68.9443 78.5652"
  }
  ]
  [
  {
    "type"  : "cube"
    "mode"  : "add"
    "rgb"   : "145 152 159"
    "r"     : "1 0 0 0 1 0 0 0 1"
    "t"     : "136.866 -104.058 88.4889"
    "s"     : "21.042 35.7896 23.6972"
    "mx"    : "1"
  }
  {
    "type"  : "cube"
    "mode"  : "sub"
    "rgb"   : "145 152 159"
    "r"     : "1 0 0 0 1 0 0 0 1"
    "t"     : "154.118 -89.129 100.034"
    "s"     : "10.6288 35.7896 23.6972"
    "mx"    : "1"
  }
  {
    "type"  : "cube"
    "mode"  : "sub"
    "rgb"   : "145 152 159"
    "r"     : "4.37114e-08 -1 8.74228e-08 1 4.37114e-08 -8.74228e-08 8.74228e-08 8.74228e-08 1"
    "t"     : "110.025 -139.566 100.034"
    "s"     : "10.6288 35.7896 23.6972"
    "mx"    : "1"
  }
  {
    "type"  : "cube"
    "mode"  : "add"
    "rgb"   : "145 152 159"
    "r"     : "1 0 0 0 1 0 0 0 1"
    "t"     : "136.866 124.47 88.4889"
    "s"     : "21.042 35.7896 23.6972"
    "mx"    : "1"
  }
  {
    "type"  : "cube"
    "mode"  : "sub"
    "rgb"   : "145 152 159"
    "r"     : "1 0 0 0 1 0 0 0 1"
    "t"     : "154.118 108.428 100.034"
    "s"     : "10.6288 35.7896 23.6972"
    "mx"    : "1"
  }
  {
    "type"  : "cube"
    "mode"  : "sub"
    "rgb"   : "145 152 159"
    "r"     : "4.37114e-08 -1 8.74228e-08 1 4.37114e-08 -8.74228e-08 8.74228e-08 8.74228e-08 1"
    "t"     : "110.025 163.785 100.034"
    "s"     : "10.6288 35.7896 23.6972"
    "mx"    : "1"
  }
  {
    "type"  : "cube"
    "mode"  : "sub"
    "rgb"   : "201 143 80"
    "cone%" : "0.03"
    "r"     : "1 0 0 0 1 0 0 0 1"
    "t"     : "0 89.455 154.355"
    "s"     : "144.835 68.9443 78.5652"
  }
  ]
  [
  {
    "type"  : "polygon"
    "mode"  : "add"
    "rgb"   : "83 93 106"
    "r"     : "-4.1572e-08 0.309017 -0.951057 1.35076e-08 0.951057 0.309017 1 -4.26326e-14 -4.37114e-08"
    "t"     : "226.895 67.6214 55.0584"
    "s"     : "36.3029 36.3029 4.18742"
    "n"     : "5"
    "mx"    : "1"
  }
  {
    "type"  : "polygon"
    "mode"  : "sub"
    "rgb"   : "83 93 106"
    "half"  : "1"
    "r"     : "-4.1572e-08 0.309017 -0.951057 1.35076e-08 0.951057 0.309017 1 -4.26326e-14 -4.37114e-08"
    "t"     : "232.361 68.0624 55.2016"
    "s"     : "26.8959 26.8959 4.18742"
    "n"     : "5"
    "mx"    : "1"
  }
  {
    "type"  : "polygon"
    "mode"  : "sub"
    "rgb"   : "83 93 106"
    "half"  : "3"
    "r"     : "1.28995e-07 -0.309017 0.951056 0 0.951056 0.309017 -1 -3.98617e-08 1.22682e-07"
    "t"     : "232.361 67.8148 50.6451"
    "s"     : "23.6088 23.6088 4.18742"
    "n"     : "5"
    "mx"    : "1"
  }
  {
    "type"  : "polygon"
    "mode"  : "add"
    "rgb"   : "83 93 106"
    "cone%" : "0.51"
    "r"     : "-4.1572e-08 0.309017 -0.951057 1.35076e-08 0.951057 0.309017 1 -4.26326e-14 -4.37114e-08"
    "t"     : "230.392 18.596 68.1358"
    "s"     : "36.3029 36.3029 4.18742"
    "mx"    : "1"
  }
  {
    "type"  : "polygon"
    "mode"  : "add"
    "rgb"   : "83 93 106"
    "r"     : "-4.1572e-08 0.309017 -0.951057 1.35076e-08 0.951057 0.309017 1 -4.26326e-14 -4.37114e-08"
    "t"     : "226.895 -2.71725 54.145"
    "s"     : "34.5673 34.5673 2.83907"
    "n"     : "5"
    "mx"    : "1"
  }
  {
    "type"  : "polygon"
    "mode"  : "add"
    "rgb"   : "83 93 106"
    "r"     : "-4.1572e-08 0.309017 -0.951057 1.35076e-08 0.951057 0.309017 1 -4.26326e-14 -4.37114e-08"
    "t"     : "238.126 -2.71725 54.145"
    "s"     : "21.8248 21.8248 2.83907"
    "n"     : "5"
    "mx"    : "1"
  }
  {
    "type"  : "polygon"
    "mode"  : "add"
    "rgb"   : "83 93 106"
    "r"     : "-4.1572e-08 0.309017 -0.951057 1.35076e-08 0.951057 0.309017 1 -4.26326e-14 -4.37114e-08"
    "t"     : "231.596 39.8969 58.4836"
    "s"     : "36.3029 36.3029 22.9274"
    "n"     : "5"
    "mx"    : "1"
  }
  ]
  [
  {
    "type"  : "cylinder"
    "mode"  : "add"
    "rgb"   : "83 93 106"
    "hole%" : "0.67"
    "r"     : "-4.37114e-08 0 -1 -5.37314e-16 1 2.34867e-23 1 5.37314e-16 -4.37114e-08"
    "t"     : "215.409 -121.535 57.7248"
    "s"     : "28.6922 28.6922 47.634"
    "mx"    : "1"
  }
  {
    "type"  : "cylinder"
    "mode"  : "add"
    "rgb"   : "83 93 106"
    "cone%" : "0.4"
    "r"     : "-4.37114e-08 0 -1 -5.37314e-16 1 2.34867e-23 1 5.37314e-16 -4.37114e-08"
    "t"     : "215.409 -121.535 57.7248"
    "s"     : "26.2804 26.2804 30.9889"
    "mx"    : "1"
  }
  {
    "type"  : "sphere"
    "mode"  : "sub"
    "rgb"   : "83 93 106"
    "cone%" : "0.4"
    "r"     : "-4.37114e-08 0 -1 -5.37314e-16 1 2.34867e-23 1 5.37314e-16 -4.37114e-08"
    "t"     : "274.441 -121.074 57.7248"
    "s"     : "10 10 30.9889"
    "mx"    : "1"
  }
  ]
  [
  {
    "type"  : "cylinder"
    "mode"  : "add"
    "rgb"   : "83 93 106"
    "hole%" : "0.41"
    "r"     : "-4.37114e-08 0 -1 -5.37314e-16 1 2.34867e-23 1 5.37314e-16 -4.37114e-08"
    "t"     : "212.515 81.1036 173.691"
    "s"     : "36.8738 36.8738 30.747"
    "mx"    : "1"
  }
  {
    "type"  : "cylinder"
    "mode"  : "sub"
    "rgb"   : "83 93 106"
    "hole%" : "0.66"
    "r"     : "-4.37114e-08 0 -1 -5.37314e-16 1 2.34867e-23 1 5.37314e-16 -4.37114e-08"
    "t"     : "251.918 81.1036 173.691"
    "s"     : "30.8188 30.8188 12.0432"
    "mx"    : "1"
  }
  {
    "type"  : "cylinder"
    "mode"  : "add"
    "rgb"   : "83 93 106"
    "r"     : "-4.37114e-08 0 -1 -5.37314e-16 1 2.34867e-23 1 5.37314e-16 -4.37114e-08"
    "t"     : "212.515 81.1036 173.691"
    "s"     : "36.8738 36.8738 12.0461"
    "mx"    : "1"
  }
  ]
  [
  {
    "type"  : "cylinder"
    "mode"  : "add"
    "rgb"   : "83 93 106"
    "hole%" : "0.41"
    "r"     : "-4.37114e-08 0 -1 -5.37314e-16 1 2.34867e-23 1 5.37314e-16 -4.37114e-08"
    "t"     : "229.314 -64.9194 111.221"
    "s"     : "29.6197 29.6197 12.861"
    "mx"    : "1"
  }
  {
    "type"  : "cylinder"
    "mode"  : "add"
    "rgb"   : "83 93 106"
    "hole%" : "0.31"
    "r"     : "-4.37114e-08 0 -1 -5.37314e-16 1 2.34867e-23 1 5.37314e-16 -4.37114e-08"
    "t"     : "229.314 -64.9194 111.221"
    "s"     : "29.6197 29.6197 12.861"
    "mx"    : "1"
  }
  {
    "type"  : "cylinder"
    "mode"  : "sub"
    "rgb"   : "83 93 106"
    "hole%" : "0.31"
    "cone%" : "1"
    "r"     : "2.18557e-07 -8.74228e-08 1 -1.74846e-07 -1 -8.74228e-08 1 -1.74846e-07 -2.18557e-07"
    "t"     : "251.778 -64.8819 111.221"
    "s"     : "20.8081 20.8081 12.861"
    "mx"    : "1"
  }
  ]
  [
  {
    "type"  : "cylinder"
    "mode"  : "add"
    "rgb"   : "83 93 106"
    "hole%" : "0.64"
    "r"     : "-4.37114e-08 0 -1 -5.37314e-16 1 2.34867e-23 1 5.37314e-16 -4.37114e-08"
    "t"     : "208.154 169.066 68.8723"
    "s"     : "46.7663 46.7663 9.37107"
    "mx"    : "1"
  }
  {
    "type"  : "cylinder"
    "mode"  : "sub"
    "rgb"   : "83 93 106"
    "r"     : "-4.37114e-08 0 -1 -5.37314e-16 1 2.34867e-23 1 5.37314e-16 -4.37114e-08"
    "t"     : "208.154 169.066 68.8723"
    "s"     : "46.7663 46.7663 4.78916"
    "mx"    : "1"
  }
  {
    "type"  : "cylinder"
    "mode"  : "add"
    "rgb"   : "83 93 106"
    "hole%" : "0.33"
    "r"     : "-4.37114e-08 0 -1 -5.37314e-16 1 2.34867e-23 1 5.37314e-16 -4.37114e-08"
    "t"     : "208.154 169.066 68.8723"
    "s"     : "10.1774 10.1774 9.37107"
    "mx"    : "1"
  }
  {
    "type"  : "cylinder"
    "mode"  : "add"
    "rgb"   : "83 93 106"
    "blend" : "13"
    "r"     : "1 -8.74228e-08 3.55271e-15 -8.74228e-08 -1 1.03895e-14 3.55271e-15 -1.03895e-14 -1"
    "t"     : "208.154 169.066 89.2593"
    "s"     : "3.41027 3.41027 11.9658"
    "mx"    : "1"
  }
  {
    "type"  : "cylinder"
    "mode"  : "add"
    "rgb"   : "83 93 106"
    "blend" : "13"
    "r"     : "1 -8.74228e-08 3.55271e-15 -8.74228e-08 -1 1.03895e-14 3.55271e-15 -1.03895e-14 -1"
    "t"     : "208.154 169.066 49.9684"
    "s"     : "3.41027 3.41027 11.9658"
    "mx"    : "1"
  }
  {
    "type"  : "cylinder"
    "mode"  : "add"
    "rgb"   : "83 93 106"
    "blend" : "13"
    "r"     : "-4.37114e-08 -8.74228e-08 -1 1 -3.0598e-07 -4.37114e-08 -3.0598e-07 -1 8.74228e-08"
    "t"     : "208.154 148.426 69.2433"
    "s"     : "3.41027 3.41027 11.9658"
    "mx"    : "1"
  }
  {
    "type"  : "cylinder"
    "mode"  : "add"
    "rgb"   : "83 93 106"
    "blend" : "13"
    "r"     : "-4.37114e-08 -8.74228e-08 -1 1 -3.0598e-07 -4.37114e-08 -3.0598e-07 -1 8.74228e-08"
    "t"     : "208.154 190.481 69.2433"
    "s"     : "3.41027 3.41027 11.9658"
    "mx"    : "1"
  }
  {
    "type"  : "cylinder"
    "mode"  : "sub"
    "rgb"   : "83 93 106"
    "hole%" : "0.64"
    "r"     : "-4.37114e-08 0 -1 -5.37314e-16 1 2.34867e-23 1 5.37314e-16 -4.37114e-08"
    "t"     : "225.279 169.066 68.8723"
    "s"     : "43.5045 43.5045 9.37107"
    "mx"    : "1"
  }
  {
    "type"  : "cylinder"
    "mode"  : "add"
    "rgb"   : "83 93 106"
    "hole%" : "0.64"
    "r"     : "-4.37114e-08 0 -1 -5.37314e-16 1 2.34867e-23 1 5.37314e-16 -4.37114e-08"
    "t"     : "250.754 169.066 68.8723"
    "s"     : "46.7663 46.7663 9.37107"
    "mx"    : "1"
  }
  {
    "type"  : "cylinder"
    "mode"  : "sub"
    "rgb"   : "83 93 106"
    "r"     : "-4.37114e-08 0 -1 -5.37314e-16 1 2.34867e-23 1 5.37314e-16 -4.37114e-08"
    "t"     : "250.754 169.066 68.8723"
    "s"     : "46.7663 46.7663 4.78916"
    "mx"    : "1"
  }
  {
    "type"  : "cylinder"
    "mode"  : "add"
    "rgb"   : "83 93 106"
    "hole%" : "0.68"
    "r"     : "-4.37114e-08 0 -1 -5.37314e-16 1 2.34867e-23 1 5.37314e-16 -4.37114e-08"
    "t"     : "250.754 169.066 68.8723"
    "s"     : "10.1774 10.1774 9.37107"
    "mx"    : "1"
  }
  {
    "type"  : "cylinder"
    "mode"  : "add"
    "rgb"   : "83 93 106"
    "blend" : "13"
    "r"     : "1 -8.74228e-08 3.55271e-15 -8.74228e-08 -1 1.03895e-14 3.55271e-15 -1.03895e-14 -1"
    "t"     : "250.754 169.066 89.2593"
    "s"     : "3.41027 3.41027 11.9658"
    "mx"    : "1"
  }
  {
    "type"  : "cylinder"
    "mode"  : "add"
    "rgb"   : "83 93 106"
    "blend" : "13"
    "r"     : "1 -8.74228e-08 3.55271e-15 -8.74228e-08 -1 1.03895e-14 3.55271e-15 -1.03895e-14 -1"
    "t"     : "250.754 169.066 49.9684"
    "s"     : "3.41027 3.41027 11.9658"
    "mx"    : "1"
  }
  {
    "type"  : "cylinder"
    "mode"  : "add"
    "rgb"   : "83 93 106"
    "blend" : "13"
    "r"     : "-4.37114e-08 -8.74228e-08 -1 1 -3.0598e-07 -4.37114e-08 -3.0598e-07 -1 8.74228e-08"
    "t"     : "250.754 148.426 69.2433"
    "s"     : "3.41027 3.41027 11.9658"
    "mx"    : "1"
  }
  {
    "type"  : "cylinder"
    "mode"  : "add"
    "rgb"   : "83 93 106"
    "blend" : "13"
    "r"     : "-4.37114e-08 -8.74228e-08 -1 1 -3.0598e-07 -4.37114e-08 -3.0598e-07 -1 8.74228e-08"
    "t"     : "250.754 190.481 69.2433"
    "s"     : "3.41027 3.41027 11.9658"
    "mx"    : "1"
  }
  {
    "type"  : "cylinder"
    "mode"  : "sub"
    "rgb"   : "83 93 106"
    "hole%" : "0.18"
    "r"     : "-4.37114e-08 0 -1 -5.37314e-16 1 2.34867e-23 1 5.37314e-16 -4.37114e-08"
    "t"     : "267.879 169.066 68.8723"
    "s"     : "43.5045 43.5045 9.37107"
    "mx"    : "1"
  }
  {
    "type"  : "cube"
    "mode"  : "add"
    "rgb"   : "83 93 106"
    "cone%" : "0.43"
    "r"     : "1 0 -0 0 1 1.02664e-30 0 -1.02664e-30 1"
    "t"     : "250.754 169.066 113.192"
    "s"     : "7.46813 9.56132 9.91639"
    "mx"    : "1"
  }
  {
    "type"  : "cube"
    "mode"  : "add"
    "rgb"   : "83 93 106"
    "cone%" : "0.43"
    "r"     : "1 0 0 0 -4.37114e-08 1 0 -1 -4.37114e-08"
    "t"     : "250.754 123.294 65.4511"
    "s"     : "7.46813 9.56132 9.91639"
    "mx"    : "1"
  }
  {
    "type"  : "cube"
    "mode"  : "add"
    "rgb"   : "83 93 106"
    "cone%" : "0.43"
    "r"     : "1 0 -0 0 0.707107 0.707107 0 -0.707107 0.707107"
    "t"     : "250.754 135.036 100.646"
    "s"     : "7.46813 9.56132 9.91639"
    "mx"    : "1"
  }
  {
    "type"  : "cube"
    "mode"  : "add"
    "rgb"   : "83 93 106"
    "cone%" : "0.43"
    "r"     : "1 0 0 0 -0.707107 0.707107 0 -0.707107 -0.707107"
    "t"     : "250.754 141.37 32.0641"
    "s"     : "7.46813 9.56132 9.91639"
    "mx"    : "1"
  }
  {
    "type"  : "cube"
    "mode"  : "add"
    "rgb"   : "83 93 106"
    "cone%" : "0.43"
    "r"     : "1 0 -0 0 1 1.02664e-30 0 -1.02664e-30 1"
    "t"     : "208.676 169.066 113.192"
    "s"     : "7.46813 9.56132 9.91639"
    "mx"    : "1"
  }
  {
    "type"  : "cube"
    "mode"  : "add"
    "rgb"   : "83 93 106"
    "cone%" : "0.43"
    "r"     : "1 0 0 0 -4.37114e-08 1 0 -1 -4.37114e-08"
    "t"     : "208.676 123.294 65.4511"
    "s"     : "7.46813 9.56132 9.91639"
    "mx"    : "1"
  }
  {
    "type"  : "cube"
    "mode"  : "add"
    "rgb"   : "83 93 106"
    "cone%" : "0.43"
    "r"     : "1 0 -0 0 0.707107 0.707107 0 -0.707107 0.707107"
    "t"     : "208.676 135.036 100.646"
    "s"     : "7.46813 9.56132 9.91639"
    "mx"    : "1"
  }
  {
    "type"  : "cube"
    "mode"  : "add"
    "rgb"   : "83 93 106"
    "cone%" : "0.43"
    "r"     : "1 0 0 0 -0.707107 0.707107 0 -0.707107 -0.707107"
    "t"     : "208.676 141.37 32.0641"
    "s"     : "7.46813 9.56132 9.91639"
    "mx"    : "1"
  }
  ]
  [
  {
    "type"  : "cube"
    "mode"  : "add"
    "rgb"   : "83 93 106"
    "round%": "0.05"
    "cone%" : "0.18"
    "r"     : "1 -6.57733e-06 0.000459821 0.00019566 -0.898795 -0.43837 0.000416168 0.43837 -0.898795"
    "t"     : "217.686 -5.74494 180.268"
    "s"     : "54.4289 14.2914 6.71046"
    "mx"    : "1"
  }
  {
    "type"  : "cube"
    "mode"  : "add"
    "rgb"   : "83 93 106"
    "round%": "0.05"
    "cone%" : "0.12"
    "r"     : "0.719476 -0.62436 -0.304187 0.694518 0.646534 0.315656 -0.000416168 -0.43837 0.898795"
    "t"     : "256.893 -9.48884 187.676"
    "s"     : "12.9654 3.20003 2.14769"
    "mx"    : "1"
  }
  {
    "type"  : "cube"
    "mode"  : "add"
    "rgb"   : "83 93 106"
    "round%": "0.05"
    "cone%" : "0.12"
    "r"     : "0.719476 -0.62436 -0.304187 0.694518 0.646534 0.315656 -0.000416168 -0.43837 0.898795"
    "t"     : "201.233 -9.31921 187.733"
    "s"     : "12.9654 3.20003 2.14769"
    "mx"    : "1"
  }
  {
    "type"  : "cube"
    "mode"  : "add"
    "rgb"   : "83 93 106"
    "round%": "0.05"
    "cone%" : "0.12"
    "r"     : "0.694518 0.646534 0.315656 -0.719476 0.62436 0.304187 -0.000416037 -0.43837 0.898795"
    "t"     : "186.715 -9.65193 187.564"
    "s"     : "12.9654 3.20003 4.02809"
    "mx"    : "1"
  }
  {
    "type"  : "cube"
    "mode"  : "add"
    "rgb"   : "83 93 106"
    "round%": "0.05"
    "cone%" : "0.12"
    "r"     : "0.694518 0.646534 0.315656 -0.719476 0.62436 0.304187 -0.000416037 -0.43837 0.898795"
    "t"     : "241.988 -9.62159 187.605"
    "s"     : "12.9654 3.20003 3.58342"
    "mx"    : "1"
  }
  {
    "type"  : "cube"
    "mode"  : "sub"
    "rgb"   : "83 93 106"
    "round%": "0.05"
    "cone%" : "0.18"
    "r"     : "1 -6.57733e-06 0.000459821 0.00019566 -0.898795 -0.43837 0.000416168 0.43837 -0.898795"
    "t"     : "250.505 -19.8065 179.488"
    "s"     : "6.67321 5.83514 3.24805"
    "mx"    : "1"
  }
  {
    "type"  : "cube"
    "mode"  : "sub"
    "rgb"   : "83 93 106"
    "round%": "0.05"
    "cone%" : "0.18"
    "r"     : "1 -6.57733e-06 0.000459821 0.00019566 -0.898795 -0.43837 0.000416168 0.43837 -0.898795"
    "t"     : "192.935 -19.8061 179.462"
    "s"     : "6.67321 5.83514 3.24805"
    "mx"    : "1"
  }
  {
    "type"  : "cube"
    "mode"  : "add"
    "rgb"   : "83 93 106"
    "round%": "0.05"
    "cone%" : "0.18"
    "r"     : "1 -6.57733e-06 0.000459821 -0.00019566 0.898795 0.43837 -0.000416168 -0.43837 0.898795"
    "t"     : "175.487 -19.7581 168.782"
    "s"     : "5.82907 6.53736 3.83938"
    "mx"    : "1"
  }
  {
    "type"  : "cube"
    "mode"  : "add"
    "rgb"   : "83 93 106"
    "round%": "0.05"
    "cone%" : "0.18"
    "r"     : "1 -6.57733e-06 0.000459821 -0.00019566 0.898795 0.43837 -0.000416168 -0.43837 0.898795"
    "t"     : "261.357 -19.7587 168.821"
    "s"     : "5.82907 6.53736 3.83938"
    "mx"    : "1"
  }
  {
    "type"  : "cube"
    "mode"  : "add"
    "rgb"   : "83 93 106"
    "round%": "0.05"
    "cone%" : "0.18"
    "r"     : "1 -6.57733e-06 0.000459821 -0.00019566 0.898795 0.43837 -0.000416168 -0.43837 0.898795"
    "t"     : "221.113 -19.7584 168.803"
    "s"     : "5.82907 6.53736 3.83938"
    "mx"    : "1"
  }
  ]
  [
  {
    "type"  : "cube"
    "mode"  : "add"
    "rgb"   : "83 93 106"
    "round%": "0.05"
    "cone%" : "0.18"
    "r"     : "1 -6.57733e-06 0.000459821 0.00019566 -0.898795 -0.43837 0.000416168 0.43837 -0.898795"
    "t"     : "217.679 26.3651 195.929"
    "s"     : "54.4289 14.2914 6.71046"
    "mx"    : "1"
  }
  {
    "type"  : "cube"
    "mode"  : "add"
    "rgb"   : "83 93 106"
    "round%": "0.05"
    "cone%" : "0.12"
    "r"     : "0.719476 -0.62436 -0.304187 0.694518 0.646534 0.315656 -0.000416168 -0.43837 0.898795"
    "t"     : "256.886 22.6212 203.337"
    "s"     : "12.9654 3.20003 2.14769"
    "mx"    : "1"
  }
  {
    "type"  : "cube"
    "mode"  : "add"
    "rgb"   : "83 93 106"
    "round%": "0.05"
    "cone%" : "0.12"
    "r"     : "0.719476 -0.62436 -0.304187 0.694518 0.646534 0.315656 -0.000416168 -0.43837 0.898795"
    "t"     : "201.226 22.7908 203.394"
    "s"     : "12.9654 3.20003 2.14769"
    "mx"    : "1"
  }
  {
    "type"  : "cube"
    "mode"  : "add"
    "rgb"   : "83 93 106"
    "round%": "0.05"
    "cone%" : "0.12"
    "r"     : "0.694518 0.646534 0.315656 -0.719476 0.62436 0.304187 -0.000416037 -0.43837 0.898795"
    "t"     : "186.708 22.4581 203.225"
    "s"     : "12.9654 3.20003 4.02809"
    "mx"    : "1"
  }
  {
    "type"  : "cube"
    "mode"  : "add"
    "rgb"   : "83 93 106"
    "round%": "0.05"
    "cone%" : "0.12"
    "r"     : "0.694518 0.646534 0.315656 -0.719476 0.62436 0.304187 -0.000416037 -0.43837 0.898795"
    "t"     : "241.981 22.4884 203.266"
    "s"     : "12.9654 3.20003 3.58342"
    "mx"    : "1"
  }
  {
    "type"  : "cube"
    "mode"  : "sub"
    "rgb"   : "83 93 106"
    "round%": "0.05"
    "cone%" : "0.18"
    "r"     : "1 -6.57733e-06 0.000459821 0.00019566 -0.898795 -0.43837 0.000416168 0.43837 -0.898795"
    "t"     : "250.498 12.3036 195.149"
    "s"     : "6.67321 5.83514 3.24805"
    "mx"    : "1"
  }
  {
    "type"  : "cube"
    "mode"  : "sub"
    "rgb"   : "83 93 106"
    "round%": "0.05"
    "cone%" : "0.18"
    "r"     : "1 -6.57733e-06 0.000459821 0.00019566 -0.898795 -0.43837 0.000416168 0.43837 -0.898795"
    "t"     : "192.928 12.3039 195.123"
    "s"     : "6.67321 5.83514 3.24805"
    "mx"    : "1"
  }
  {
    "type"  : "cube"
    "mode"  : "add"
    "rgb"   : "83 93 106"
    "round%": "0.05"
    "cone%" : "0.18"
    "r"     : "1 -6.57733e-06 0.000459821 -0.00019566 0.898795 0.43837 -0.000416168 -0.43837 0.898795"
    "t"     : "175.48 12.3519 184.443"
    "s"     : "5.82907 6.53736 3.83938"
    "mx"    : "1"
  }
  {
    "type"  : "cube"
    "mode"  : "add"
    "rgb"   : "83 93 106"
    "round%": "0.05"
    "cone%" : "0.18"
    "r"     : "1 -6.57733e-06 0.000459821 -0.00019566 0.898795 0.43837 -0.000416168 -0.43837 0.898795"
    "t"     : "261.35 12.3514 184.482"
    "s"     : "5.82907 6.53736 3.83938"
    "mx"    : "1"
  }
  {
    "type"  : "cube"
    "mode"  : "add"
    "rgb"   : "83 93 106"
    "round%": "0.05"
    "cone%" : "0.18"
    "r"     : "1 -6.57733e-06 0.000459821 -0.00019566 0.898795 0.43837 -0.000416168 -0.43837 0.898795"
    "t"     : "221.106 12.3516 184.464"
    "s"     : "5.82907 6.53736 3.83938"
